105
441
23
13
18
30
31
31
31
44
31
31
46
29
32
31
31
29
32
30
32
32
30
29
32
60
32
31
30
32
30
30
32
29
31
32
30
31
46
31
31
32
45
30
30
31
31
32
29
32
47
30
31
30
31
31
31
31
30
31
31
30
32
61
31
31
31
30
31
31
32
31
30
30
32
46
31
31
30
31
31
30
33
31
44
31
30
31
47
30
32
31
30
33
30
30
32
30
32
31
31
47
44
32
31
31
30
32
31
30
32
29
32
46
31
32
29
33
30
32
30
34
28
31
47
31
47
30
30
32
31
30
32
32
31
46
31
32
47
30
31
31
31
30
31
32
30
32
31
31
30
46
32
32
30
30
34
27
47
32
30
32
30
47
32
31
31
30
31
31
30
33
31
31
32
31
48
44
30
31
33
31
31
30
32
30
32
30
31
47
31
30
34
29
45
32
18
31
42
31
31
48
31
31
30
31
31
33
31
31
32
31
31
31
46
32
45
31
30
32
32
30
30
31
33
30
47
31
32
30
31
31
48
16
32
44
17
45
30
46
32
30
32
30
31
31
32
31
31
32
31
31
46
